99
2525 1
2400 5
300 2
120 60
60 90
706486255 1
486941670 8866
878805148 1
382064739 9470
2 1
1 1
7321262 1
5612339 7412
915024737 1
162403569 201
356355480 2
295237722 1267
303781566 9566
9708955 1
2121016 1538
991740881 1
379533216 7811
1000000000 2
100 10000
200 10000
190015493 1
109221192 4007
427923347 1
331087869 89
323830501 1
237892903 560
200000 2
5001 1
5000 4
667002097 1
279232390 93
98049676 1
84385158 6248
701466446 1
82277707 8969
140043351 1
17280382 6556
823491769 1
520312074 8546
423881416 1
65886623 8629
532277359 1
271109439 2241
1000000000 2
998000000 1
999000000 1
598303388 1
60171869 328
722151990 1
2757661 3697
1000000000 1
1 10000
711710998 1
103178118 3363
165992474 1
13211044 2287
765942709 1
603997313 1356
416288607 1
206670492 3296
273225303 1
32620071 8480
183007951 1
51532147 9924
30868359 1
11443201 8820
353632809 1
217910034 4842
1000000000 2
12345676 2
12345675 3
1000000000 2
999999998 2
999999997 3
327548834 1
160097909 7741
793076169 1
256939793 6860
990095860 1
705535058 8010
33048883 1
23443708 3202
483081515 1
16259242 5955
777916999 1
203878983 587
332490975 1
153381775 1920
867179686 1
300011587 4741
253303824 1
200663959 2253
479119452 1
367532168 1194
427727289 1
171801940 2577
673384720 1
212284452 8154
989374425 1
344573521 1015
183797460 2
170669006 3260
54055593 6272
347921272 1
277558274 8844
1000000000 2
1 3
2 2
479141606 1
375900572 9426
513257217 1
219186091 2200
1000000000 2
999999999 2
999999998 3
402394479 1
241713496 6875
10842347 1
8246294 5552
832412173 1
416254000 8220
27249081 1
11907499 8545
560576746 1
374305672 6421
803827973 1
68799059 5693
331163594 1
12289553 9282
683376803 1
190110748 4985
1000000000 2
999000000 10000
998000000 10000
539664027 1
453283325 8407
480332768 1
12299793 3304
278747962 1
98985725 5572
244218042 1
224966392 4210
168653458 1
63519547 6092
968608735 1
16630646 8271
1000000000 1
1 1
912345332 1
114845532 769
624031728 1
567576503 6729
639710284 1
99725004 8034
759595863 1
519737114 6944
559713485 1
15466009 8984
1000000000 2
999999996 3
999999997 2
2 1
1 10000
201627373 1
75508933 5420
741187550 1
33606922 8227
134044546 1
86087668 3509
473984172 1
368476548 5271
889163702 1
123070548 5753
578852172 1
187719883 7475
511180680 1
171347331 2362
857099725 1
346867569 6640
306220089 1
126590353 615
923702009 1
375355619 264
1000000000 1
999999999 1
1000000000 1
999999999 10000
1759886 1
675276 1962
39755262 1
21785778 9076
971306905 1
484640129 9613
938780993 1
812388150 1496
632459838 1
611827402 1920
282760670 1
85308414 83
941266106 1
633171099 6548
166792237 1
2661076 5030
4100210 1
2847038 8123