99
6 2 0 2 0 2 0
3 1 0 2 0 0 0
288 128 0 40 0 120 0
174 34 0 84 0 56 0
70 20 0 28 0 22 0
3 1 0 1 0 1 0
208 97 0 58 0 53 0
785 667 0 117 0 1 0
1000 1 0 500 0 499 0
151 69 0 63 0 19 0
4 1 0 2 0 1 0
6 2 0 1 0 3 0
999 499 0 499 0 1 0
888 359 0 341 0 188 0
442 172 0 135 0 135 0
114 4 0 105 0 5 0
643 302 0 93 0 248 0
792 198 0 381 0 213 0
284 66 0 91 0 127 0
168 16 0 75 0 77 0
59 26 0 0 0 33 0
196 97 0 83 0 16 0
691 311 0 106 0 274 0
984 318 0 386 0 280 0
55 15 0 17 0 23 0
615 179 0 4 0 432 0
204 67 0 86 0 51 0
7 2 0 2 0 3 0
125 103 0 21 0 1 0
5 2 0 2 0 1 0
528 227 0 123 0 178 0
560 159 0 277 0 124 0
731 226 0 329 0 176 0
963 141 0 463 0 359 0
642 164 0 291 0 187 0
207 81 0 57 0 69 0
864 394 0 90 0 380 0
4 1 0 3 0 0 0
79 24 0 36 0 19 0
808 180 0 231 0 397 0
254 46 0 124 0 84 0
4 2 0 0 0 2 0
999 0 0 499 0 500 0
405 151 0 166 0 88 0
127 58 0 59 0 10 0
284 33 0 115 0 136 0
348 135 0 110 0 103 0
999 250 0 500 0 249 0
372 90 0 136 0 146 0
860 368 0 150 0 342 0
1000 500 0 0 0 500 0
880 358 0 296 0 226 0
634 68 0 267 0 299 0
672 99 0 328 0 245 0
701 249 0 222 0 230 0
143 32 0 43 0 68 0
65 53 0 8 0 4 0
614 116 0 303 0 195 0
5 3 0 1 0 1 0
512 182 0 210 0 120 0
10 4 0 5 0 1 0
554 36 0 257 0 261 0
722 218 0 306 0 198 0
1000 250 0 500 0 250 0
523 77 0 209 0 237 0
681 283 0 141 0 257 0
388 78 0 161 0 149 0
207 86 0 39 0 82 0
4 2 0 1 0 1 0
3 0 0 3 0 0 0
543 218 0 165 0 160 0
275 86 0 136 0 53 0
6 0 0 3 0 3 0
5 2 0 0 0 3 0
999 333 0 333 0 333 0
4 1 0 1 0 2 0
15 7 0 6 0 2 0
837 367 0 165 0 305 0
987 418 0 393 0 176 0
358 32 0 163 0 163 0
310 47 0 17 0 246 0
65 17 0 19 0 29 0
276 94 0 123 0 59 0
259 45 0 111 0 103 0
967 413 0 439 0 115 0
1000 333 0 333 0 334 0
277 12 0 163 0 102 0
549 129 0 163 0 257 0
195 87 0 72 0 36 0
999 499 0 250 0 250 0
102 22 0 24 0 56 0
1000 0 0 499 0 501 0
62 15 0 11 0 36 0
600 282 0 236 0 82 0
173 51 0 63 0 59 0
878 119 0 433 0 326 0
484 119 0 232 0 133 0
951 452 0 101 0 398 0
578 149 0 204 0 225 0